function C = husl(N)
%HUSL colormap from seaborn
  

C = [0.967797559291991,0.441274560091574,0.535810315505870;0.967990568624711,0.442708693652510,0.523247190234596;0.968184683390902,0.444145609180708,0.510210892031739;0.968380147943538,0.445587071663855,0.496640462931676;0.968577213308410,0.447034868422011,0.482464668912365;0.968776138514265,0.448490818127216,0.467599280889270;0.968977192009272,0.449956780156872,0.451943373633412;0.969180653180848,0.451434664385573,0.435374168484414;0.969386813997866,0.452926441528259,0.417739649031446;0.969595980796669,0.454434154158099,0.398847644977735;0.969808476235213,0.455959928535671,0.378449067362264;0.970024641443144,0.457505987402094,0.356210936855388;0.970244838399803,0.459074663908482,0.331670401478718;0.970469452577178,0.460668416877819,0.304150277973570;0.970698895890869,0.462289847624131,0.272587620480289;0.970933610009386,0.463941718588398,0.235132564586827;0.968841762539077,0.467108714590521,0.196544195239345;0.955173877467178,0.477306902174928,0.196400937543144;0.942248507764417,0.486536080319469,0.196267833293771;0.929987734398321,0.494943388859209,0.196143696300550;0.918323818059134,0.502646953769395,0.196027515206116;0.907197530398405,0.509742896957714,0.195918422247358;0.896556804748839,0.516310362989146,0.195815668475482;0.886355636383277,0.522415200108376,0.195718603928371;0.876553179440289,0.528112705420366,0.195626661637141;0.867113000139375,0.533449705224052,0.195539344628281;0.858002455158008,0.538466154078643,0.195456215285938;0.849192170960414,0.543196379650237,0.195376886588471;0.840655605091616,0.547670062946789,0.195301014844293;0.832368674430456,0.551913018223881,0.195228293635437;0.824309438453383,0.555947819384994,0.195158448740180;0.816457827929001,0.559794307457343,0.195091233854285;0.808795411310631,0.563470005005669,0.195026426967273;0.801305192544983,0.566990457049506,0.194963827278970;0.793971435161707,0.570369513442688,0.194903252563821;0.786779508420120,0.573619564263697,0.194844536908152;0.779715752017904,0.576751737213337,0.194787528759352;0.772767356451508,0.579776064087089,0.194732089237134;0.765922256589548,0.582701621917505,0.194678090665756;0.759169036401964,0.585536653249119,0.194625415293274;0.752496843096910,0.588288669129361,0.194573954169601;0.745895309168292,0.590964537711769,0.194523606159838;0.739354481060367,0.593570560826843,0.194474277073129;0.732864753320264,0.596112540447110,0.194425878890405;0.726416807241304,0.598595836631121,0.194378329076984;0.720001553104675,0.601025418256920,0.194331549968037;0.713610075208175,0.603405907634445,0.194285468216734;0.707233578931420,0.605741619907182,0.194240014296323;0.700863339129092,0.608036598007550,0.194195122048565;0.694490649168896,0.610294643811309,0.194150728272025;0.688106769939675,0.612519346038424,0.194106772344464;0.681702878147566,0.614714105367376,0.194063195874325;0.675270013193761,0.616882157163428,0.194019942376927;0.668799021885033,0.619026592166449,0.193976956971321;0.662280500165772,0.621150375438463,0.193934186094328;0.655704730974966,0.623256363833499,0.193891577228465;0.649061617219320,0.625347322221285,0.193849078640759;0.642340608709233,0.627425938670816,0.193806639129703;0.635530621720485,0.629494838779060,0.193764207777638;0.628619949611822,0.631556599313243,0.193721733706071;0.621596162634662,0.633613761321960,0.193679165831347;0.614445994699357,0.635668842860234,0.193636452618289;0.607155214390742,0.637724351466338,0.193593541829141;0.599708476924399,0.639782796523555,0.193550380265311;0.592089152963970,0.641846701637824,0.193506913499104;0.584279129224053,0.643918617162435,0.193463085592549;0.576258574486805,0.646001133003564,0.193418838800145;0.568005662957398,0.648096891845549,0.193374113252098;0.559496244624107,0.650208602942532,0.193328846614181;0.550703449258436,0.652339056633677,0.193282973719997;0.541597206577408,0.654491139752931,0.193236426170777;0.532143659433615,0.656667852121568,0.193189131897283;0.522304439007494,0.658872324333158,0.193141014677533;0.512035759793463,0.661107837066721,0.193091993603136;0.501287276046265,0.663377842195527,0.193041982485908;0.490000617651106,0.665685985997314,0.192990889195061;0.478107487787169,0.668036134817898,0.192938614913599;0.465527150009375,0.670432403595909,0.192885053300575;0.452163045873080,0.672879187723607,0.192830089543475;0.437898143301367,0.675381198800104,0.192773599282046;0.422588378101459,0.677943504931845,0.192715447381331;0.406053133143695,0.680571576355061,0.192655486527293;0.388060929443388,0.683271337301009,0.192593555613063;0.368307000568552,0.686049225203858,0.192529477877191;0.346376280235058,0.688912258571125,0.192463058747029;0.321678176512631,0.691868115108529,0.192394083330125;0.293321299642657,0.694925222028740,0.192322313483561;0.259842565108932,0.698092860894874,0.192247484374882;0.218508387111939,0.701381289878488,0.192169300427595;0.192632525125001,0.702550232789692,0.216971636485103;0.193515488527744,0.701383275321717,0.258589580692962;0.194343199397939,0.700281747507783,0.291729954960495;0.195121610676790,0.699239076535837,0.319406988449922;0.195855870137335,0.698249508989584,0.343213299663446;0.196550453553102,0.697307985181064,0.364111579172930;0.197209272296687,0.696410035834187,0.382735996838584;0.197835760933490,0.695551696606304,0.399530103744450;0.198432949031268,0.694729436946808,0.414818142667628;0.199003520416988,0.693940100555284,0.428845324594884;0.199549862377141,0.693180855282751,0.441802150706580;0.200074106745598,0.692449150765374,0.453839892395265;0.200578164405022,0.691742682424634,0.465080870666321;0.201063754408344,0.691059360736293,0.475625525033463;0.201532428680840,0.690397284880945,0.485557419281668;0.201985593072453,0.689754720054851,0.494946875762235;0.202424525380903,0.689130077851610,0.503853671233272;0.202850390848764,0.688521899230366,0.512329074275875;0.203264255544869,0.687928839670725,0.520417410559694;0.203667097966427,0.687349656182671,0.528157282965733;0.204059819139061,0.686783195895027,0.535582535077015;0.204443251444274,0.686228385990959,0.542723020930514;0.204818166365322,0.685684224795856,0.549605226506229;0.205185281311130,0.685149773853060,0.556252776355791;0.205545265652276,0.684624150847889,0.562686850256488;0.205898746082113,0.684106523260888,0.568926528673435;0.206246311398875,0.683596102648353,0.574989081375477;0.206588516790304,0.683092139462321,0.580890210281713;0.206925887690619,0.682593918333989,0.586644255178477;0.207258923269815,0.682100753754371,0.592264369109312;0.207588099607170,0.681611986094141,0.597762668841168;0.207913872594071,0.681126977911426,0.603150364734374;0.208236680605631,0.680645110501919,0.608437873509790;0.208556946975905,0.680165780650306,0.613634916754686;0.208875082307628,0.679688397545788,0.618750607495763;0.209191486644224,0.679212379827468,0.623793526761254;0.209506551529218,0.678737152727746,0.628771791730175;0.209820661976098,0.678262145283619,0.633693116807546;0.210134198370066,0.677786787586976,0.638564868756064;0.210447538321833,0.677310508045675,0.643394116846868;0.210761058492824,0.676832730627381,0.648187678856663;0.211075136410584,0.676352872057834,0.652952163629377;0.211390152293048,0.675870338944408,0.657694010833030;0.211706490900489,0.675384524794510,0.662419528472757;0.212024543434410,0.674894806896454,0.667134928666266;0.212344709503536,0.674400543027974,0.671846362146123;0.212667399178245,0.673901067954325,0.676559951922635;0.212993035156369,0.673395689673999,0.681281826520415;0.213322055065403,0.672883685365225,0.686018153190316;0.213654913928677,0.672364296980530,0.690775171495699;0.213992086826266,0.671836726429582,0.695559227677918;0.214334071785145,0.671300130281986,0.700376810220422;0.214681392937832,0.670753613911477,0.705234587054626;0.215034603994256,0.670196224990635,0.710139444884185;0.215394292078288,0.669626946230491,0.715098531148800;0.215761081988451,0.669044687241557,0.720119299205543;0.216135640951947,0.668448275371327,0.725209557376853;0.216518683952829,0.667836445347265,0.730377522602441;